000001
8
-0.030632 -0.008032 0.592641 0.023388 -0.630926 0.775492 0.933128 -0.264608 -0.243422 0.358782 0.729326 0.582545 0.012577590626570058
14
0.058544 -0.021464 0.616809 0.559607 -0.823836 0.090198 -0.404815 -0.366689 -0.837654 0.723163 0.432243 -0.538703 0.016612757270097374
21
0.075236 0.037916 0.534223 -0.897168 0.117996 -0.425638 0.142972 -0.834194 -0.532616 -0.417911 -0.538700 0.731541 0.0013674960237256928
000002
8
-0.030959 -0.007773 0.592497 0.023729 -0.630561 0.775778 0.932975 -0.264817 -0.243782 0.359157 0.729566 0.582013 0.004155402691500157
14
0.058229 -0.021229 0.616610 0.559947 -0.823651 0.089772 -0.405202 -0.366745 -0.837443 0.722684 0.432548 -0.539102 0.018299875476874262
21
0.074884 0.038184 0.534040 -0.897378 0.117571 -0.425312 0.143281 -0.833987 -0.532857 -0.417353 -0.539112 0.731555 0.009430420705507845
000003
8
-0.031524 -0.007062 0.592449 0.022897 -0.631495 0.775043 0.933692 -0.263595 -0.242357 0.357343 0.729201 0.583586 0.01787112655348231
14
0.057634 -0.020439 0.616714 0.559070 -0.824131 0.090824 -0.403573 -0.366179 -0.838476 0.724272 0.432113 -0.537316 0.023367272333190033
21
0.074384 0.038816 0.534049 -0.896839 0.118621 -0.426156 0.142139 -0.835011 -0.531558 -0.418898 -0.537295 0.732010 0.01871182259386636
000004
8
-0.032555 -0.007176 0.592287 0.021562 -0.632661 0.774129 0.933898 -0.263659 -0.241488 0.356886 0.728165 0.585156 0.028343414137758212
14
0.056568 -0.020476 0.616725 0.558011 -0.824671 0.092425 -0.402785 -0.366540 -0.838697 0.725527 0.430775 -0.536698 0.026976304733760812
21
0.073430 0.038747 0.534060 -0.896160 0.120220 -0.427136 0.141271 -0.835212 -0.531473 -0.420642 -0.536627 0.731499 0.0003616538933186086
000005
8
-0.033671 -0.007530 0.591977 0.021150 -0.634208 0.772875 0.933792 -0.263654 -0.241904 0.357188 0.726821 0.586642 0.013080240388680517
14
0.055398 -0.020865 0.616590 0.556422 -0.825654 0.093229 -0.403168 -0.366390 -0.838578 0.726533 0.429017 -0.536745 0.02212650053920852
21
0.072445 0.038375 0.533975 -0.895268 0.121025 -0.428777 0.141681 -0.835102 -0.531536 -0.422401 -0.536617 0.730493 0.001551697679085646
000006
8
-0.034744 -0.008496 0.591515 0.020994 -0.634972 0.772251 0.933470 -0.264169 -0.242585 0.358038 0.725966 0.587182 0.0049695162734758455
14
0.054298 -0.021872 0.616203 0.555628 -0.826148 0.093580 -0.403929 -0.366600 -0.838120 0.726718 0.427884 -0.537398 0.012741443330598543
21
0.071438 0.037438 0.533658 -0.894825 0.121377 -0.429600 0.142242 -0.834650 -0.532096 -0.423149 -0.537240 0.729601 0.017297058050077495
000007
8
-0.035538 -0.009620 0.590674 0.021228 -0.636073 0.771338 0.932389 -0.265855 -0.244893 0.360832 0.724385 0.587424 0.02037764714124741
14
0.053463 -0.023134 0.615433 0.554424 -0.826950 0.093640 -0.406491 -0.367261 -0.836592 0.726210 0.425762 -0.539765 0.004643231971028943
21
0.070750 0.036408 0.533086 -0.894191 0.121439 -0.430901 0.144153 -0.833142 -0.533943 -0.423843 -0.539562 0.727482 0.0018077374155395852
000008
8
-0.036199 -0.009988 0.589936 0.021198 -0.636875 0.770676 0.932423 -0.265550 -0.245093 0.360746 0.723791 0.588208 0.007179356176719766
14
0.052773 -0.023530 0.614784 0.553569 -0.827495 0.093879 -0.406600 -0.366925 -0.836686 0.726800 0.424993 -0.539577 0.01787616953674337
21
0.070161 0.035996 0.532447 -0.893724 0.121679 -0.431800 0.144415 -0.833246 -0.533709 -0.424736 -0.539347 0.727120 0.014480201175266803
000009
8
-0.036638 -0.010610 0.589134 0.020345 -0.636871 0.770703 0.932454 -0.266032 -0.244450 0.360714 0.723619 0.588440 0.0039608778762499275
14
0.052338 -0.024080 0.614009 0.553686 -0.827323 0.094706 -0.406126 -0.367571 -0.836633 0.726976 0.424769 -0.539516 0.015812462718333687
21
0.069702 0.035457 0.531674 -0.893718 0.122503 -0.431581 0.143680 -0.833170 -0.534026 -0.425000 -0.539278 0.727017 0.02584361042949686
000010
8
-0.037294 -0.011579 0.588247 0.021555 -0.637720 0.769968 0.931596 -0.266705 -0.246976 0.362855 0.722622 0.588348 0.029636042913361086
14
0.051646 -0.025243 0.613145 0.552618 -0.828145 0.093752 -0.408634 -0.367270 -0.835543 0.726383 0.423426 -0.541368 0.0026444710324807553
21
0.069152 0.034455 0.530958 -0.893237 0.121554 -0.432844 0.146022 -0.832124 -0.535021 -0.425213 -0.541105 0.725533 0.023307933234410525
000011
8
-0.038246 -0.012457 0.587484 0.022002 -0.639016 0.768880 0.931170 -0.266849 -0.248424 0.363921 0.721423 0.589161 0.014476338445961414
14
0.050645 -0.026239 0.612492 0.551169 -0.829122 0.093657 -0.410011 -0.366885 -0.835038 0.726709 0.421846 -0.542164 0.013316279727326574
21
0.068328 0.033532 0.530396 -0.892483 0.121462 -0.434421 0.147416 -0.831648 -0.535380 -0.426313 -0.541858 0.724325 0.008460736006162824
000012
8
-0.039079 -0.013210 0.586943 0.022801 -0.640056 0.767991 0.930464 -0.267394 -0.250475 0.365672 0.720299 0.589452 0.012058162310211331
14
0.049770 -0.027150 0.612012 0.549945 -0.829991 0.093152 -0.412046 -0.366636 -0.834145 0.726485 0.420351 -0.543623 0.021799502249176286
21
0.067608 0.032752 0.530045 -0.891880 0.120961 -0.435797 0.149318 -0.830790 -0.536184 -0.426913 -0.543283 0.722903 0.023699687262591827
000013
8
-0.039223 -0.013231 0.586607 0.023344 -0.641025 0.767165 0.930411 -0.266832 -0.251270 0.365773 0.719645 0.590188 0.028027289525025825
14
0.049588 -0.027259 0.611764 0.548827 -0.830761 0.092878 -0.412640 -0.365865 -0.834190 0.726992 0.419501 -0.543601 0.026912003235468815
21
0.067565 0.032632 0.529819 -0.891313 0.120690 -0.437031 0.150220 -0.830862 -0.535820 -0.427780 -0.543234 0.722427 0.024134471567943603
000014
8
-0.039222 -0.013098 0.586494 0.022055 -0.641395 0.766894 0.930503 -0.267358 -0.250365 0.365618 0.719120 0.590924 0.02037170887191089
14
0.049580 -0.027030 0.611732 0.548600 -0.830759 0.094227 -0.411935 -0.366643 -0.834195 0.727563 0.418824 -0.543359 0.005677635757227717
21
0.067569 0.032864 0.529792 -0.891083 0.122036 -0.437125 0.149218 -0.830839 -0.536134 -0.428608 -0.542968 0.722136 0.017220418936222427
000015
8
-0.038713 -0.013156 0.586399 0.021634 -0.641733 0.766623 0.930825 -0.266883 -0.249673 0.364821 0.718994 0.591568 0.022040781697984006
14
0.050078 -0.027046 0.611699 0.548290 -0.830906 0.094725 -0.411175 -0.366473 -0.834645 0.728226 0.418680 -0.542582 0.010366823700727322
21
0.068099 0.032782 0.529717 -0.890878 0.122532 -0.437403 0.148638 -0.831282 -0.535609 -0.429234 -0.542178 0.722358 0.0095279797905416
000016
8
-0.037965 -0.014034 0.586214 0.022935 -0.642598 0.765862 0.930218 -0.266958 -0.251849 0.366290 0.718194 0.591633 0.014111521348330444
14
0.050789 -0.028107 0.611545 0.547184 -0.831753 0.093687 -0.413208 -0.365770 -0.833950 0.727908 0.417612 -0.543831 0.006481813187479459
21
0.068956 0.031818 0.529667 -0.890379 0.121499 -0.438708 0.150763 -0.830633 -0.536023 -0.429531 -0.543404 0.721259 0.023250192422473902
000017
8
-0.036744 -0.015008 0.586059 0.025800 -0.641253 0.766897 0.929108 -0.267721 -0.255115 0.368906 0.719112 0.588886 0.02670103746416278
14
0.052047 -0.029335 0.611116 0.548249 -0.831399 0.090552 -0.416421 -0.365279 -0.832566 0.725271 0.418746 -0.546475 0.0009245074987701429
21
0.070122 0.030789 0.529363 -0.891194 0.118372 -0.437906 0.153815 -0.829306 -0.537207 -0.426748 -0.546113 0.720865 0.016426396188977302
000018
8
-0.035007 -0.015304 0.585953 0.027904 -0.640282 0.767634 0.928718 -0.267436 -0.256826 0.369733 0.720082 0.587179 0.006455850403366168
14
0.053810 -0.029789 0.610826 0.549004 -0.831148 0.088254 -0.417932 -0.364423 -0.832183 0.723829 0.419987 -0.547433 0.021790772144671632
21
0.071819 0.030386 0.529096 -0.891774 0.116080 -0.437339 0.155561 -0.828966 -0.537230 -0.424900 -0.547120 0.721192 0.0043006890303645875
000019
8
-0.033232 -0.015256 0.586038 0.029001 -0.638933 0.768717 0.928793 -0.267025 -0.256982 0.369460 0.721432 0.585693 0.01725876320059766
14
0.055629 -0.029769 0.610736 0.550301 -0.830440 0.086835 -0.417973 -0.364009 -0.832344 0.722820 0.421745 -0.547416 0.018581063685471733
21
0.073496 0.030380 0.528956 -0.892568 0.114663 -0.436090 0.155802 -0.829137 -0.536896 -0.423141 -0.547160 0.722197 0.02595603025492868
000020
8
-0.031992 -0.015077 0.586209 0.030035 -0.638135 0.769339 0.929180 -0.265859 -0.256793 0.368403 0.722568 0.584958 0.021065473056857964
14
0.056894 -0.029615 0.610805 0.551010 -0.830095 0.085623 -0.417505 -0.363059 -0.832994 0.722550 0.423241 -0.546617 0.0065069610318975344
21
0.074688 0.030434 0.528936 -0.893035 0.113453 -0.435450 0.155863 -0.829803 -0.535848 -0.422131 -0.546402 0.723361 0.019728918738636733
000021
8
-0.031718 -0.015186 0.586450 0.029411 -0.637440 0.769939 0.929448 -0.265972 -0.255704 0.367777 0.723139 0.584645 0.02135586271367302
14
0.057196 -0.029626 0.611001 0.551844 -0.829497 0.086047 -0.416527 -0.363543 -0.833272 0.722478 0.423995 -0.546126 0.016027696244723354
21
0.074884 0.030385 0.529081 -0.893441 0.113874 -0.434507 0.154768 -0.830055 -0.535774 -0.421675 -0.545930 0.723981 0.015311140928175471
000022
8
-0.032535 -0.015147 0.586537 0.029608 -0.639789 0.767981 0.929663 -0.264638 -0.256305 0.367217 0.721552 0.586953 0.009152026126913227
14
0.056291 -0.029687 0.611344 0.549294 -0.831144 0.086470 -0.416746 -0.362166 -0.833762 0.724292 0.421944 -0.545312 0.014898402280019476
21
0.074285 0.030245 0.529433 -0.892066 0.114301 -0.437212 0.155642 -0.830582 -0.534705 -0.424257 -0.545041 0.723143 0.029900986382689388
000023
8
-0.032972 -0.014954 0.586951 0.029577 -0.640621 0.767288 0.929606 -0.264494 -0.256664 0.367367 0.720866 0.587702 0.025744279584804863
14
0.055824 -0.029530 0.611846 0.548402 -0.831707 0.086717 -0.417042 -0.361912 -0.833724 0.724798 0.421051 -0.545331 0.015463327161052658
21
0.073923 0.030406 0.529961 -0.891576 0.114549 -0.438146 0.156027 -0.830554 -0.534636 -0.425146 -0.545031 0.722629 0.007771907454096186
000024
8
-0.033261 -0.015403 0.587192 0.028437 -0.642076 0.766114 0.929641 -0.264685 -0.256337 0.367366 0.719501 0.589373 0.0260241823445395
14
0.055487 -0.029944 0.612280 0.546993 -0.832477 0.088206 -0.416788 -0.362196 -0.833728 0.726007 0.419280 -0.545085 0.023858512521161678
21
0.073740 0.029993 0.530429 -0.890715 0.116035 -0.439503 0.155664 -0.830548 -0.534751 -0.427078 -0.544725 0.721718 0.01689281787702824
000025
8
-0.032537 -0.014382 0.587501 0.026154 -0.640638 0.767399 0.930277 -0.265405 -0.253268 0.365923 0.720517 0.589028 0.012136655604243958
14
0.056275 -0.028633 0.612527 0.548864 -0.831049 0.090047 -0.414131 -0.363911 -0.834305 0.726116 0.420628 -0.543900 0.012519672381309396
21
0.074281 0.031230 0.530567 -0.891559 0.117867 -0.437299 0.152491 -0.831045 -0.534892 -0.426461 -0.543572 0.722952 0.023113879106730236
000026
8
-0.031808 -0.012548 0.587729 0.025972 -0.639654 0.768225 0.931519 -0.263386 -0.250797 0.362762 0.722130 0.589009 0.020329950564829485
14
0.057042 -0.026659 0.612701 0.549947 -0.830340 0.089967 -0.411336 -0.363022 -0.836073 0.726885 0.422790 -0.541191 0.02711232783547355
21
0.074916 0.032940 0.530521 -0.892137 0.117786 -0.436140 0.150488 -0.832795 -0.532734 -0.425964 -0.540906 0.725241 0.008556796765718466
000027
8
-0.032430 -0.012082 0.587801 0.024613 -0.640508 0.767558 0.932306 -0.262422 -0.248880 0.360833 0.721724 0.590690 0.003155821449870271
14
0.056394 -0.026062 0.612936 0.549213 -0.830657 0.091510 -0.409319 -0.362857 -0.837134 0.728576 0.422309 -0.539290 0.01720668188703632
21
0.074340 0.033379 0.530657 -0.891627 0.119325 -0.436764 0.148807 -0.833831 -0.531585 -0.427619 -0.538969 0.725709 0.006516321961942078
000028
8
-0.034336 -0.012411 0.587789 0.023256 -0.643565 0.765039 0.932636 -0.261649 -0.248455 0.360068 0.719281 0.594127 0.02638002954293953
14
0.054379 -0.026381 0.613309 0.546093 -0.832476 0.093628 -0.408731 -0.362331 -0.837649 0.731247 0.419166 -0.538126 0.017668581340197546
21
0.072679 0.032980 0.531051 -0.889805 0.121443 -0.439884 0.148553 -0.834350 -0.530841 -0.431484 -0.537692 0.724368 0.02394406058859857
000029
8
-0.035350 -0.012230 0.587787 0.022976 -0.645237 0.763638 0.933019 -0.260523 -0.248201 0.359092 0.718191 0.596032 0.0023845100480848944
14
0.053304 -0.026219 0.613511 0.544316 -0.833559 0.094338 -0.408212 -0.361436 -0.838289 0.732860 0.417784 -0.537003 0.0002458537373177272
21
0.071810 0.033043 0.531227 -0.888804 0.122153 -0.441708 0.148543 -0.835004 -0.529816 -0.433546 -0.536514 0.724009 0.01155227833479532
000030
8
-0.035442 -0.011897 0.587711 0.023937 -0.646404 0.762621 0.933174 -0.259205 -0.248994 0.358624 0.717618 0.597003 0.014820542119244978
14
0.053163 -0.026000 0.613541 0.542917 -0.834543 0.093710 -0.408614 -0.360004 -0.838709 0.733674 0.417058 -0.536457 0.01929502279624086
21
0.071846 0.033191 0.531245 -0.888111 0.121530 -0.443273 0.149604 -0.835464 -0.528790 -0.434602 -0.535939 0.723803 0.013358459791684877
000031
8
-0.035757 -0.011692 0.587820 0.025318 -0.646578 0.762429 0.932541 -0.259510 -0.251044 0.360176 0.717351 0.596390 0.02135273760008096
14
0.052835 -0.025962 0.613603 0.542539 -0.834932 0.092414 -0.410588 -0.359547 -0.837941 0.732851 0.416671 -0.537880 0.004443380622645711
21
0.071579 0.033341 0.531402 -0.888014 0.120238 -0.443818 0.151556 -0.834735 -0.529385 -0.434123 -0.537364 0.723033 0.0011014673626712857
000032
8
-0.036219 -0.011142 0.588063 0.024326 -0.646926 0.762165 0.932909 -0.259310 -0.249877 0.359288 0.717109 0.597216 0.026463500079700837
14
0.052364 -0.025318 0.613928 0.542294 -0.834974 0.093469 -0.409458 -0.359784 -0.838392 0.733664 0.416383 -0.536994 0.008609732886766246
21
0.071125 0.033919 0.531683 -0.887797 0.121290 -0.443964 0.150451 -0.835164 -0.529023 -0.434948 -0.536460 0.723209 0.026782523384096552
000033
8
-0.036117 -0.010052 0.588556 0.023584 -0.646150 0.762847 0.933606 -0.258654 -0.247949 0.357524 0.718046 0.597148 0.020498978361530234
14
0.052500 -0.024086 0.614385 0.543241 -0.834300 0.093986 -0.407507 -0.359891 -0.839296 0.734049 0.417640 -0.535490 0.005642828348068456
21
0.071141 0.035017 0.532017 -0.888261 0.121804 -0.442896 0.148693 -0.836038 -0.528139 -0.434607 -0.534981 0.724507 0.014563903645411623
000034
8
-0.035800 -0.008856 0.588940 0.022195 -0.646331 0.762735 0.933840 -0.259029 -0.246670 0.357000 0.717748 0.597821 0.007406500379006337
14
0.052816 -0.022766 0.614838 0.543229 -0.834149 0.095384 -0.406418 -0.360669 -0.839489 0.734661 0.417270 -0.534939 0.008843678456927195
21
0.071441 0.036312 0.532449 -0.888140 0.123198 -0.442753 0.147355 -0.836197 -0.528262 -0.435309 -0.534412 0.724506 0.028158089493082104
000035
8
-0.035714 -0.008777 0.589547 0.019168 -0.645870 0.763208 0.934589 -0.259625 -0.243182 0.355211 0.717947 0.598646 0.02255877964357766
14
0.052932 -0.022366 0.615513 0.544128 -0.833236 0.098204 -0.403337 -0.362418 -0.840222 0.735693 0.417579 -0.533277 0.008427285762169032
21
0.071415 0.036610 0.533019 -0.888384 0.126007 -0.441472 0.143796 -0.836843 -0.528220 -0.436002 -0.532744 0.725318 0.006556921344987071
000036
8
-0.035101 -0.009585 0.589904 0.015600 -0.644860 0.764142 0.933716 -0.263986 -0.241839 0.357675 0.717264 0.597998 0.0016545921988009216
14
0.053596 -0.022903 0.615834 0.545679 -0.831836 0.101408 -0.403192 -0.366703 -0.838431 0.734623 0.416627 -0.535492 0.01424360422684218
21
0.071853 0.036360 0.533495 -0.888935 0.129198 -0.439436 0.141546 -0.834947 -0.531815 -0.435615 -0.534950 0.723925 0.017900725811093903
000037
8
-0.033863 -0.008522 0.590444 0.012349 -0.642050 0.766564 0.933283 -0.267784 -0.239322 0.358929 0.718376 0.595908 0.025248458203559823
14
0.054951 -0.021488 0.616152 0.549121 -0.829268 0.103832 -0.401815 -0.370903 -0.837243 0.732811 0.418028 -0.536882 0.027114797593044096
21
0.072759 0.037967 0.533854 -0.890543 0.131608 -0.435445 0.138263 -0.833639 -0.534723 -0.433378 -0.536400 0.724196 0.026784331842139665
000038
8
-0.032935 -0.007424 0.590883 0.008166 -0.640179 0.768183 0.934333 -0.268843 -0.233977 0.356307 0.719649 0.595945 0.025253155012095123
14
0.055961 -0.019893 0.616554 0.551632 -0.827142 0.107410 -0.397125 -0.373699 -0.838237 0.733480 0.419743 -0.534624 0.017246524970070277
21
0.073417 0.039417 0.534075 -0.891545 0.135169 -0.432292 0.132780 -0.834499 -0.534772 -0.433031 -0.534174 0.726045 0.028205618555985246
000039
8
-0.032209 -0.006680 0.591312 0.005812 -0.638701 0.769435 0.934341 -0.270716 -0.231776 0.356331 0.720261 0.595191 0.010329856909236153
14
0.056748 -0.018893 0.616896 0.553490 -0.825652 0.109312 -0.395554 -0.376101 -0.837906 0.732931 0.420534 -0.534757 0.005691008240736795
21
0.073953 0.040470 0.534402 -0.892346 0.137060 -0.430040 0.130218 -0.834087 -0.536043 -0.432161 -0.534334 0.726446 0.0042351301263720805
000040
8
-0.031398 -0.005345 0.591710 0.004268 -0.637902 0.770107 0.934694 -0.271177 -0.229803 0.355426 0.720795 0.595086 0.0021973142707870518
14
0.057591 -0.017372 0.617268 0.554518 -0.824789 0.110606 -0.393839 -0.377191 -0.838223 0.733076 0.421249 -0.533994 0.007416277261327177
21
0.074653 0.041942 0.534709 -0.892764 0.138347 -0.428757 0.128180 -0.834353 -0.536119 -0.431905 -0.533586 0.727147 0.0012592718388124047
000041
8
-0.029822 -0.003196 0.592105 0.003998 -0.636770 0.771043 0.934971 -0.271114 -0.228748 0.354700 0.721818 0.594279 0.006490904760629857
14
0.059209 -0.015134 0.617558 0.555759 -0.823957 0.110572 -0.392844 -0.377504 -0.838549 0.732671 0.422593 -0.533489 0.02265029857010712
21
0.076120 0.044129 0.534933 -0.893413 0.138311 -0.427413 0.127156 -0.834658 -0.535889 -0.430863 -0.533120 0.728108 0.015419808428370487
000042
8
-0.028829 -0.001597 0.592564 0.002903 -0.636452 0.771311 0.936108 -0.269543 -0.225937 0.351698 0.722686 0.595006 0.027923559055322598
14
0.060216 -0.013349 0.618056 0.556219 -0.823515 0.111555 -0.389841 -0.377111 -0.840126 0.733924 0.423805 -0.530796 0.027763258325261667
21
0.077057 0.045668 0.535240 -0.893562 0.139289 -0.426785 0.124727 -0.836201 -0.534051 -0.431265 -0.530439 0.729824 0.014420630805926983
000043
8
-0.028641 -0.001504 0.592814 0.002116 -0.637225 0.770676 0.936239 -0.269522 -0.225421 0.351356 0.722014 0.596025 0.003247957915517027
14
0.060378 -0.013213 0.618418 0.555478 -0.823883 0.112521 -0.389356 -0.377272 -0.840278 0.734743 0.422946 -0.530350 0.012288109383575123
21
0.077297 0.045781 0.535601 -0.893086 0.140254 -0.427464 0.124224 -0.836343 -0.533947 -0.432395 -0.529962 0.729504 0.022913530783936025
000044
8
-0.028965 -0.002300 0.592905 0.001967 -0.638320 0.769769 0.935605 -0.270587 -0.226770 0.353040 0.720647 0.596684 0.02029173557616981
14
0.060014 -0.014086 0.618610 0.554321 -0.824603 0.112952 -0.390876 -0.377732 -0.839365 0.734809 0.421127 -0.531703 0.012378202309775727
21
0.077068 0.045050 0.535923 -0.892443 0.140686 -0.428665 0.125324 -0.835440 -0.535100 -0.433405 -0.531269 0.727951 0.018776600883824608
000045
8
-0.029813 -0.003608 0.592819 0.001381 -0.640999 0.767542 0.935172 -0.271029 -0.228026 0.354190 0.718098 0.599070 0.028602195785478714
14
0.059068 -0.015487 0.618819 0.551504 -0.826315 0.114223 -0.392153 -0.377681 -0.838793 0.736247 0.417805 -0.532335 0.003027846398228091
21
0.076449 0.043738 0.536264 -0.890849 0.141957 -0.431551 0.126465 -0.834888 -0.535695 -0.436342 -0.531800 0.725806 0.004068617500442827
000046
8
-0.030723 -0.006192 0.592659 0.001104 -0.643108 0.765776 0.933697 -0.273531 -0.231060 0.358060 0.715258 0.600166 0.026911228972961596
14
0.058080 -0.018242 0.618846 0.549256 -0.827698 0.115044 -0.395596 -0.378805 -0.836666 0.736086 0.414033 -0.535495 0.0057260645625607665
21
0.075724 0.041311 0.536583 -0.889591 0.142779 -0.433870 0.128916 -0.832783 -0.538379 -0.438189 -0.534870 0.722429 0.015160819850691351
000047
8
-0.031500 -0.008871 0.592266 0.000672 -0.645707 0.763586 0.932052 -0.276262 -0.234433 0.362324 0.711859 0.601647 0.004980335555767434
14
0.057205 -0.021115 0.618693 0.546480 -0.829380 0.116145 -0.399409 -0.380007 -0.834307 0.736093 0.409543 -0.538927 0.02296297886353986
21
0.075172 0.038799 0.536762 -0.888022 0.143882 -0.436711 0.131653 -0.830450 -0.541313 -0.440551 -0.538192 0.718515 0.010740180634252259
000048
8
-0.031926 -0.011018 0.591699 0.001257 -0.647610 0.761972 0.930240 -0.278848 -0.238531 0.366950 0.709116 0.602081 0.006047302652101587
14
0.056706 -0.023522 0.618252 0.544343 -0.830793 0.116074 -0.403855 -0.380823 -0.831790 0.735249 0.405903 -0.542819 0.02414351912616709
21
0.074932 0.036771 0.536658 -0.886896 0.143814 -0.439012 0.135135 -0.827978 -0.544234 -0.441761 -0.542006 0.714896 0.013476636604722888
000049
8
-0.032079 -0.012590 0.591265 0.002461 -0.649116 0.760686 0.929002 -0.280022 -0.241957 0.370066 0.707274 0.602341 0.007783938500721649
14
0.056492 -0.025348 0.617899 0.542567 -0.832062 0.115298 -0.407322 -0.380641 -0.830182 0.734650 0.403466 -0.545441 0.005051677806059366
21
0.074944 0.035185 0.536533 -0.886026 0.143044 -0.441017 0.138255 -0.826423 -0.545812 -0.442542 -0.544577 0.712455 0.024807763558915365
000050
8
-0.032486 -0.013828 0.590787 0.003633 -0.651615 0.758542 0.927511 -0.281335 -0.246118 0.373778 0.704450 0.603358 0.005450566217715946
14
0.055985 -0.026897 0.617601 0.539695 -0.833995 0.114814 -0.411504 -0.380318 -0.828266 0.734435 0.399765 -0.548448 0.004817722891169803
21
0.074791 0.033917 0.536526 -0.884540 0.142566 -0.444144 0.142071 -0.824575 -0.547624 -0.444303 -0.547496 0.709115 0.017299238135465994
000051
8
-0.032763 -0.014677 0.590370 0.004906 -0.653870 0.756593 0.926517 -0.281681 -0.249445 0.376221 0.702219 0.604439 0.01786512473296692
14
0.055616 -0.028019 0.617352 0.537067 -0.835778 0.114167 -0.414669 -0.379445 -0.827086 0.734581 0.396859 -0.550359 0.015645728278755218
21
0.074746 0.032963 0.536480 -0.883193 0.141926 -0.447022 0.145271 -0.823462 -0.548459 -0.445946 -0.549334 0.706658 0.02370333691100418
000052
8
-0.032905 -0.014831 0.590051 0.005347 -0.655913 0.754818 0.926457 -0.280844 -0.250607 0.376361 0.700646 0.606174 0.016232665837130317
14
0.055391 -0.028303 0.617238 0.534753 -0.837246 0.114276 -0.415536 -0.378306 -0.827173 0.735778 0.394847 -0.550206 0.005209485190586883
21
0.074798 0.032664 0.536420 -0.881937 0.142037 -0.449457 0.146592 -0.823588 -0.547917 -0.447992 -0.549115 0.705531 0.01572286422269787
000053
8
-0.033076 -0.014950 0.589691 0.006433 -0.658095 0.752908 0.925576 -0.281075 -0.253587 0.378507 0.698504 0.607309 0.003653621901445528
14
0.055130 -0.028671 0.617048 0.532203 -0.838935 0.113794 -0.418351 -0.377452 -0.826144 0.736032 0.392070 -0.551850 0.029933856611529044
21
0.074848 0.032441 0.536415 -0.880605 0.141560 -0.452212 0.149477 -0.822620 -0.548592 -0.449656 -0.550689 0.703243 0.0011085065819577899
000054
8
-0.033165 -0.014491 0.589353 0.006890 -0.660251 0.751014 0.925394 -0.280396 -0.254999 0.378944 0.696740 0.609060 0.007432460454354433
14
0.054952 -0.028357 0.616922 0.529742 -0.840474 0.113916 -0.419487 -0.376361 -0.826065 0.737160 0.389815 -0.551942 0.015816945900581816
21
0.074962 0.032761 0.536365 -0.879259 0.141685 -0.454784 0.151010 -0.822584 -0.548226 -0.451773 -0.550710 0.701868 0.022033613762070404
000055
8
-0.032862 -0.013604 0.589297 0.008543 -0.661101 0.750249 0.925633 -0.278632 -0.256064 0.378327 0.696642 0.609556 0.022953000342070873
14
0.055216 -0.027625 0.616914 0.528599 -0.841380 0.112533 -0.420031 -0.374449 -0.826657 0.737670 0.389703 -0.551339 0.002864062055720806
21
0.075382 0.033400 0.536325 -0.878766 0.140307 -0.456162 0.152432 -0.823230 -0.546862 -0.452255 -0.550098 0.702038 0.012072650243977655
000056
8
-0.032032 -0.012654 0.589065 0.010101 -0.662615 0.748894 0.925529 -0.277322 -0.257855 0.378542 0.695727 0.610468 0.028480683215069358
14
0.055979 -0.026876 0.616792 0.526716 -0.842708 0.111417 -0.421360 -0.372673 -0.826784 0.738260 0.388534 -0.551376 0.025184584972285262
21
0.076383 0.034122 0.536243 -0.877843 0.139198 -0.458276 0.154473 -0.823418 -0.546005 -0.453355 -0.550098 0.701328 0.026175545526919558
000057
8
-0.030525 -0.011154 0.589048 0.011846 -0.663295 0.748265 0.926400 -0.274372 -0.257881 0.376353 0.696248 0.611227 0.017465639653229306
14
0.057452 -0.025483 0.616826 0.525742 -0.843516 0.109900 -0.420646 -0.370096 -0.828304 0.739360 0.389245 -0.549396 0.005117197822762847
21
0.077992 0.035283 0.536137 -0.877448 0.137687 -0.459486 0.155125 -0.824989 -0.543442 -0.453896 -0.548120 0.702526 0.027921027642228625
000058
8
-0.028849 -0.009768 0.589123 0.012738 -0.663267 0.748275 0.926600 -0.273442 -0.258150 0.375831 0.696641 0.611100 0.003124309416293409
14
0.059127 -0.024153 0.616877 0.525666 -0.843676 0.109025 -0.420662 -0.369190 -0.828699 0.739405 0.389756 -0.548973 0.013603531577989714
21
0.079687 0.036552 0.536147 -0.877485 0.136815 -0.459675 0.155588 -0.825407 -0.542674 -0.453665 -0.547709 0.702996 0.006838335860409007
000059
8
-0.027655 -0.008330 0.589289 0.012120 -0.663608 0.747984 0.927656 -0.271756 -0.256131 0.373239 0.696976 0.612306 0.01973892473694304
14
0.060309 -0.022601 0.617140 0.525356 -0.843780 0.109716 -0.418374 -0.368438 -0.830191 0.740922 0.390244 -0.546576 0.001833664939478403
21
0.080897 0.037885 0.536253 -0.877254 0.137504 -0.459912 0.153959 -0.826884 -0.540887 -0.454667 -0.545303 0.704217 0.01812652962081405
000060
8
-0.026961 -0.007901 0.589335 0.011831 -0.664459 0.747232 0.927979 -0.271045 -0.255713 0.372444 0.696441 0.613397 0.0030668310358452975
14
0.060968 -0.022161 0.617302 0.524430 -0.844289 0.110221 -0.417809 -0.367966 -0.830685 0.741896 0.389585 -0.545724 0.0282339244896311
21
0.081660 0.038251 0.536386 -0.876701 0.138008 -0.460814 0.153698 -0.827381 -0.540201 -0.455821 -0.544422 0.704154 0.0035156804780334602
000061
8
-0.026249 -0.007726 0.589344 0.012037 -0.665701 0.746123 0.927832 -0.270762 -0.256545 0.372803 0.695365 0.614399 0.012350064249917692
14
0.061627 -0.022069 0.617434 0.523001 -0.845160 0.110348 -0.418507 -0.367424 -0.830574 0.742511 0.388210 -0.545868 0.006517707901191274
21
0.082486 0.038357 0.536571 -0.875906 0.138136 -0.462286 0.154577 -0.827293 -0.540086 -0.457050 -0.544524 0.703278 0.022291825601221196
000062
8
-0.025786 -0.008028 0.589384 0.012077 -0.666826 0.745116 0.927451 -0.271057 -0.257609 0.373749 0.694170 0.615174 0.020494536975596254
14
0.062043 -0.022452 0.617581 0.521720 -0.845916 0.110606 -0.419565 -0.367304 -0.830092 0.742815 0.386669 -0.546547 0.01761809339292151
21
0.083050 0.038042 0.536808 -0.875178 0.138394 -0.463584 0.155562 -0.826829 -0.540512 -0.458108 -0.545161 0.702094 0.018501892713801434
000063
8
-0.025459 -0.008494 0.589246 0.013434 -0.668542 0.743554 0.926789 -0.270813 -0.260236 0.375342 0.692613 0.615958 0.018631437905910472
14
0.062292 -0.023151 0.617563 0.519604 -0.847330 0.109740 -0.421932 -0.366157 -0.829400 0.742957 0.384657 -0.547773 0.003415678287937923
21
0.083561 0.037434 0.536927 -0.874091 0.137532 -0.465886 0.158200 -0.826198 -0.540712 -0.459279 -0.546335 0.700414 0.02979875335324576
000064
8
-0.025047 -0.008376 0.589247 0.014299 -0.669276 0.742877 0.926958 -0.269683 -0.260806 0.374892 0.692345 0.616534 0.013565155169473785
14
0.062670 -0.023123 0.617624 0.518661 -0.847992 0.109093 -0.422176 -0.364969 -0.829799 0.743478 0.384328 -0.547297 0.02957503390569985
21
0.084058 0.037397 0.536971 -0.873628 0.136888 -0.466943 0.159001 -0.826629 -0.539817 -0.459883 -0.545845 0.700401 0.019590138174394676
000065
8
-0.024956 -0.008175 0.589180 0.016762 -0.671454 0.740857 0.926598 -0.267972 -0.263832 0.375680 0.690898 0.617676 0.024649523791717205
14
0.062658 -0.023244 0.617705 0.515862 -0.849928 0.107275 -0.424542 -0.362399 -0.829718 0.744077 0.382477 -0.547779 0.012519640782985175
21
0.084399 0.037270 0.537141 -0.872240 0.135078 -0.470054 0.162344 -0.826644 -0.538799 -0.461348 -0.546273 0.699102 0.009199654160104967
000066
8
-0.024896 -0.007014 0.589213 0.019437 -0.672613 0.739739 0.926481 -0.266011 -0.266215 0.375838 0.690529 0.617994 0.0011197122011358562
14
0.062658 -0.022357 0.617778 0.514188 -0.851228 0.104982 -0.426250 -0.359837 -0.829956 0.744259 0.382005 -0.547861 0.007444842605904086
21
0.084625 0.038102 0.537234 -0.871510 0.132794 -0.472054 0.165108 -0.826968 -0.537458 -0.461746 -0.546341 0.698787 0.007148563866791084
000067
8
-0.024592 -0.005754 0.589245 0.021890 -0.674588 0.737871 0.927111 -0.262507 -0.267496 0.374145 0.689944 0.619672 0.000624749264006077
14
0.062865 -0.021332 0.617979 0.511592 -0.853018 0.103121 -0.426552 -0.356320 -0.831318 0.745873 0.381310 -0.546148 0.028043093279372464
21
0.085160 0.038904 0.537358 -0.870223 0.130940 -0.474937 0.167115 -0.828419 -0.534597 -0.463447 -0.544589 0.699028 0.0058654218744786345
000068
8
-0.024723 -0.005567 0.589309 0.023354 -0.676622 0.735961 0.927507 -0.260055 -0.268518 0.373075 0.688880 0.621498 0.01887387295086545
14
0.062637 -0.021320 0.618241 0.509045 -0.854648 0.102237 -0.426879 -0.353812 -0.832221 0.747428 0.379995 -0.544936 0.0019209514004908412
21
0.085241 0.038765 0.537593 -0.868873 0.130060 -0.477645 0.168643 -0.829387 -0.532613 -0.465424 -0.543324 0.698698 0.01465405818175675
000069
8
-0.025548 -0.006186 0.589289 0.024844 -0.679145 0.733585 0.926826 -0.259373 -0.271513 0.374668 0.686651 0.623005 0.0016262967670329753
14
0.061692 -0.022221 0.618426 0.505912 -0.856598 0.101458 -0.429471 -0.352144 -0.831595 0.748070 0.377140 -0.546038 0.02872654616513647
21
0.084671 0.037936 0.537939 -0.867178 0.129284 -0.480924 0.171738 -0.828838 -0.532479 -0.467449 -0.544347 0.696547 0.007888585181785118
000070
8
-0.026824 -0.007015 0.589141 0.026398 -0.682292 0.730604 0.926082 -0.258500 -0.274866 0.376399 0.683855 0.625034 0.010524684658048598
14
0.060266 -0.023370 0.618548 0.502019 -0.858965 0.100783 -0.432346 -0.350177 -0.830936 0.749036 0.373573 -0.547165 0.02886602662206144
21
0.083706 0.036859 0.538247 -0.865036 0.128611 -0.484945 0.175227 -0.828268 -0.532230 -0.470114 -0.545374 0.693945 0.00999497950762577
000071
8
-0.028003 -0.007443 0.588913 0.027821 -0.685401 0.727636 0.925480 -0.257433 -0.277876 0.377773 0.681142 0.627163 0.015939575240117514
14
0.058937 -0.024094 0.618598 0.498163 -0.861272 0.100227 -0.434853 -0.348163 -0.830474 0.750159 0.370127 -0.547968 0.016001463902678315
21
0.082830 0.036175 0.538461 -0.862893 0.128057 -0.488895 0.178419 -0.827890 -0.531757 -0.472846 -0.546078 0.691531 0.026764204529828316
000072
8
-0.029026 -0.007355 0.588652 0.029239 -0.688572 0.724579 0.925712 -0.254818 -0.279510 0.377099 0.678923 0.629968 0.014350605143803671
14
0.057758 -0.024239 0.618658 0.494205 -0.863610 0.099693 -0.435700 -0.345287 -0.831230 0.752281 0.367362 -0.546918 0.008422114852433035
21
0.082114 0.035891 0.538557 -0.860677 0.127523 -0.492922 0.180587 -0.828727 -0.529716 -0.476049 -0.544931 0.690237 0.0008249240083725751
000073
8
-0.029536 -0.007744 0.588346 0.031877 -0.690998 0.722155 0.924823 -0.253626 -0.283506 0.379058 0.676902 0.630967 0.012855120145502366
14
0.057119 -0.025014 0.618506 0.490933 -0.865694 0.097778 -0.439082 -0.342802 -0.830478 0.752458 0.364776 -0.548403 0.01316255981867369
21
0.081875 0.035188 0.538582 -0.858957 0.125613 -0.496402 0.184778 -0.828084 -0.529277 -0.477546 -0.546350 0.688077 0.007750982042667964
000074
8
-0.029656 -0.007392 0.588059 0.033429 -0.692935 0.720226 0.925129 -0.251225 -0.284644 0.378177 0.675816 0.632656 0.00593959732649248
14
0.056897 -0.024845 0.618405 0.488385 -0.867245 0.096787 -0.439523 -0.340288 -0.831278 0.753857 0.363443 -0.547366 0.024180584970893097
21
0.081957 0.035214 0.538467 -0.857569 0.124623 -0.499043 0.186411 -0.828950 -0.527344 -0.479401 -0.545262 0.687650 0.008466386387879372
000075
8
-0.029770 -0.007541 0.587833 0.035534 -0.694519 0.718597 0.924655 -0.249947 -0.287295 0.379142 0.674664 0.633309 0.02165560173897812
14
0.056695 -0.025268 0.618273 0.486164 -0.868670 0.095165 -0.441643 -0.338210 -0.831003 0.754054 0.361976 -0.548067 0.005396682660122343
21
0.082027 0.034800 0.538428 -0.856416 0.123005 -0.501419 0.189297 -0.828755 -0.526622 -0.480331 -0.545925 0.686475 0.025120494402140658
000076
8
-0.030387 -0.008198 0.587601 0.037065 -0.696859 0.716250 0.924645 -0.247932 -0.289067 0.379019 0.672992 0.635159 0.021271580702582102
14
0.055954 -0.026149 0.618261 0.483105 -0.870469 0.094304 -0.442765 -0.335802 -0.831382 0.755361 0.359891 -0.547641 0.022554902686498228
21
0.081645 0.033833 0.538465 -0.854710 0.122145 -0.504530 0.191474 -0.829209 -0.525119 -0.482502 -0.545429 0.685346 0.002462913646096354
000077
8
-0.031723 -0.010007 0.587247 0.037169 -0.699484 0.713683 0.923529 -0.248762 -0.291911 0.381724 0.669956 0.636747 0.00870165795001727
14
0.054488 -0.028173 0.618146 0.479907 -0.872172 0.094904 -0.445593 -0.335499 -0.829993 0.755736 0.356031 -0.549642 0.019194746739068732
21
0.080536 0.031992 0.538604 -0.852800 0.122740 -0.507610 0.194100 -0.827867 -0.526271 -0.484828 -0.547332 0.682181 0.01479826582995583
000078
8
-0.032879 -0.011735 0.586915 0.038128 -0.702371 0.710791 0.921998 -0.249548 -0.296049 0.385312 0.666635 0.638068 0.0015975371851504228
14
0.053181 -0.030228 0.618038 0.476236 -0.874199 0.094745 -0.449600 -0.334683 -0.828159 0.755684 0.351802 -0.552428 0.020784673807324076
21
0.079647 0.030170 0.538813 -0.850664 0.122579 -0.511220 0.198012 -0.826110 -0.527572 -0.486992 -0.550015 0.678470 0.0221780692831453
000079
8
-0.033617 -0.012456 0.586671 0.040258 -0.704212 0.708848 0.921060 -0.248852 -0.299535 0.387333 0.664950 0.638604 0.006741367523563926
14
0.052335 -0.031274 0.617896 0.473640 -0.875776 0.093170 -0.452630 -0.332802 -0.827266 0.755508 0.349655 -0.554032 0.027538393944915616
21
0.079113 0.029213 0.538843 -0.849263 0.121006 -0.513915 0.201598 -0.825307 -0.527473 -0.487965 -0.551568 0.676508 0.02367077770482113
000080
8
-0.035255 -0.012358 0.586010 0.046850 -0.710532 0.702104 0.921289 -0.240904 -0.305271 0.386043 0.661143 0.643320 0.010877905786649818
14
0.050324 -0.031951 0.617779 0.464736 -0.881018 0.088470 -0.455888 -0.323734 -0.829073 0.759070 0.344968 -0.552097 0.02183188725346227
21
0.078156 0.028139 0.538787 -0.844354 0.116308 -0.523009 0.208952 -0.827378 -0.521329 -0.493361 -0.549470 0.674297 0.004986738060104809
000081
8
-0.036362 -0.013134 0.585567 0.049793 -0.713253 0.699137 0.921057 -0.237909 -0.308309 0.386232 0.659296 0.645100 0.006117699643744482
14
0.049051 -0.033095 0.617554 0.460830 -0.883278 0.086346 -0.457919 -0.319989 -0.829409 0.760228 0.342677 -0.551930 0.024294666521961144
21
0.077342 0.026880 0.538639 -0.842182 0.114184 -0.526964 0.212589 -0.827833 -0.519134 -0.495514 -0.549232 0.672911 0.011043042486232557
000082
8
-0.037935 -0.013931 0.585039 0.053644 -0.716994 0.695013 0.920326 -0.234564 -0.313017 0.387457 0.656430 0.647285 0.020821490776865556
14
0.047245 -0.034415 0.617314 0.455439 -0.886332 0.083618 -0.461391 -0.315319 -0.829273 0.761377 0.339102 -0.552554 0.007923254862718783
21
0.076165 0.025486 0.538570 -0.839146 0.111455 -0.532365 0.217950 -0.827858 -0.516864 -0.498329 -0.549754 0.670402 0.02660458122246517
000083
8
-0.039535 -0.014140 0.584625 0.058480 -0.720348 0.691144 0.920335 -0.229304 -0.316865 0.386735 0.654614 0.649551 0.00472047606345947
14
0.045420 -0.035142 0.617161 0.450296 -0.889304 0.079833 -0.463582 -0.309272 -0.830328 0.763102 0.336884 -0.551529 0.0011474258727908692
21
0.074948 0.024495 0.538442 -0.836309 0.107670 -0.537583 0.222873 -0.829090 -0.512774 -0.500915 -0.548650 0.669377 0.02868338333901036
000084
8
-0.041212 -0.014001 0.584146 0.062529 -0.723906 0.687060 0.920000 -0.225060 -0.320857 0.386898 0.652157 0.651921 0.009363400530862568
14
0.043507 -0.035496 0.616973 0.444973 -0.892239 0.076870 -0.466159 -0.304058 -0.830811 0.764654 0.333854 -0.551222 0.003290275269065779
21
0.073652 0.023963 0.538353 -0.833277 0.104704 -0.542851 0.227721 -0.829736 -0.509591 -0.503779 -0.548248 0.667556 0.000816756273250927
000085
8
-0.043173 -0.015889 0.583791 0.066861 -0.729934 0.680241 0.919199 -0.220109 -0.326536 0.388076 0.647108 0.656237 0.0051281076459155596
14
0.041160 -0.038047 0.617166 0.436317 -0.896720 0.074303 -0.470098 -0.297587 -0.830934 0.767227 0.327620 -0.551388 0.005577690378499976
21
0.072278 0.021245 0.538800 -0.828144 0.102123 -0.551133 0.234389 -0.830071 -0.506008 -0.509155 -0.548227 0.663481 0.019031820665748177
000086
8
-0.043862 -0.016403 0.584209 0.070187 -0.732570 0.677065 0.918556 -0.217225 -0.330253 0.389009 0.645101 0.657660 0.026849691196193046
14
0.040283 -0.038983 0.617775 0.432195 -0.898918 0.071796 -0.472764 -0.293660 -0.830818 0.767920 0.325133 -0.551895 0.012130390416863014
21
0.071874 0.020227 0.539537 -0.825764 0.099613 -0.555149 0.238678 -0.830088 -0.503971 -0.511024 -0.548664 0.661681 0.02518914658116429
000087
8
-0.044334 -0.015699 0.584609 0.071220 -0.733964 0.675445 0.918830 -0.215252 -0.330784 0.388174 0.644177 0.659058 0.027255967287135
14
0.039718 -0.038394 0.618331 0.430149 -0.899948 0.071174 -0.472743 -0.291719 -0.831514 0.769081 0.324028 -0.550927 0.017071442734784482
21
0.071536 0.020679 0.540081 -0.824537 0.098986 -0.557082 0.239625 -0.830830 -0.502297 -0.512561 -0.547654 0.661330 6.315390811242771e-05
000088
8
-0.045260 -0.016175 0.585146 0.070890 -0.735556 0.673746 0.919234 -0.214070 -0.330428 0.387276 0.642753 0.660973 0.00519348513387024
14
0.038702 -0.038882 0.619085 0.428116 -0.900857 0.071926 -0.472114 -0.290807 -0.832190 0.770601 0.322316 -0.549806 0.027165935896217852
21
0.070733 0.020081 0.540839 -0.823226 0.099732 -0.558886 0.239527 -0.831519 -0.501201 -0.514710 -0.546470 0.660639 0.0152395485766443
000089
8
-0.046670 -0.017874 0.585270 0.070434 -0.737994 0.671122 0.918219 -0.214914 -0.332695 0.389760 0.639670 0.662503 0.010807929137835662
14
0.037151 -0.040746 0.619445 0.424975 -0.902254 0.073030 -0.474407 -0.290709 -0.830920 0.770931 0.318473 -0.551580 0.013267823322680625
21
0.069512 0.018377 0.541455 -0.821198 0.100825 -0.561666 0.241585 -0.830284 -0.502260 -0.516982 -0.548146 0.657469 0.010609954529859248
000090
8
-0.048163 -0.018764 0.585154 0.070690 -0.740703 0.668104 0.917859 -0.213945 -0.334309 0.390560 0.636857 0.664737 0.006658590142998645
14
0.035491 -0.041809 0.619620 0.421306 -0.903934 0.073520 -0.475635 -0.289250 -0.830726 0.772186 0.315022 -0.551806 0.017038572907390935
21
0.068243 0.017301 0.541783 -0.818873 0.101303 -0.564965 0.243387 -0.830143 -0.501622 -0.519817 -0.548270 0.655126 0.02500155573139342
000091
8
-0.049742 -0.019187 0.584872 0.071589 -0.742330 0.666201 0.916800 -0.214111 -0.337097 0.392877 0.634906 0.665239 0.005069112489600259
14
0.033803 -0.042466 0.619445 0.418939 -0.905068 0.073092 -0.478230 -0.288357 -0.829547 0.771872 0.312575 -0.553635 0.016194095251478746
21
0.066813 0.016769 0.541813 -0.817417 0.100869 -0.567148 0.246105 -0.829022 -0.502150 -0.520829 -0.550044 0.652832 0.015783428315502106
000092
8
-0.051154 -0.019393 0.584482 0.071316 -0.744666 0.663618 0.916347 -0.213878 -0.338473 0.393981 0.632243 0.667119 0.013866178158793829
14
0.032250 -0.042797 0.619309 0.415847 -0.906420 0.073995 -0.479429 -0.287636 -0.829104 0.772800 0.309305 -0.554176 0.022830056617349465
21
0.065583 0.016474 0.541843 -0.815412 0.101760 -0.569867 0.247515 -0.828615 -0.502129 -0.523296 -0.550493 0.650475 0.026007148988756428
000093
8
-0.052041 -0.018404 0.584141 0.072735 -0.745792 0.662197 0.916015 -0.212668 -0.340128 0.394492 0.631322 0.667689 0.01569956028432139
14
0.031277 -0.041993 0.619049 0.414025 -0.907339 0.072928 -0.480633 -0.285947 -0.828991 0.773031 0.308172 -0.554486 0.014774562579726222
21
0.064815 0.017246 0.541647 -0.814333 0.100690 -0.571597 0.249410 -0.828560 -0.501281 -0.524077 -0.550772 0.649611 0.0036805021911884383
000094
8
-0.053556 -0.017703 0.583606 0.072713 -0.749095 0.658461 0.917558 -0.208514 -0.338538 0.390895 0.628792 0.672176 0.011892160749198225
14
0.029555 -0.041303 0.618997 0.409534 -0.909300 0.073852 -0.478109 -0.282867 -0.831504 0.776977 0.305220 -0.550588 0.027262942001625674
21
0.063564 0.017539 0.541498 -0.811431 0.101598 -0.575549 0.248731 -0.831110 -0.497382 -0.528877 -0.546749 0.649118 0.027644508496932327
000095
8
-0.055948 -0.021070 0.582128 0.074902 -0.754135 0.652436 0.913733 -0.210117 -0.347768 0.399350 0.622200 0.673339 0.02744512860720068
14
0.026814 -0.045406 0.617836 0.402139 -0.912655 0.073114 -0.486961 -0.280823 -0.827048 0.775341 0.296985 -0.557357 0.010846574664635835
21
0.061615 0.013932 0.541071 -0.806771 0.100836 -0.582197 0.257506 -0.826830 -0.500042 -0.531800 -0.553338 0.641096 0.00015669403785214864
000096
8
-0.055588 -0.021485 0.581815 0.077322 -0.754798 0.651385 0.912764 -0.209251 -0.350821 0.401101 0.621687 0.672773 0.0231099140729957
14
